
	Distribution Summary

Distribution:	Beta         
Expression:	9.5 + 41 * BETA(0.39, 0.712)
Square Error:	0.194773


	Data Summary

Number of Data Points	= 15
Min Data Value       	= 10
Max Data Value       	= 50
Sample Mean          	= 24
Sample Std Dev       	= 13.5

	Histogram Summary

Histogram Range    	= 9.5 to 50.5
Number of Intervals	= 41


==================================================================
Int.   No. of               Probability           Cumulative      
No.    Data Pts.   x        Density               Distribution    
------------------------------------------------------------------
                            Data   Function       Data   Function   
   0     4       10.0      0.267      0.194      0.267      0.194
   1     0       11.0       0.00     0.0627      0.267      0.257
   2     0       12.0       0.00     0.0457      0.267      0.302
   3     0       13.0       0.00     0.0374      0.267      0.340
   4     0       14.0       0.00     0.0323      0.267      0.372
   5     0       15.0       0.00     0.0288      0.267      0.401
   6     0       16.0       0.00     0.0262      0.267      0.427
   7     0       17.0       0.00     0.0242      0.267      0.451
   8     0       18.0       0.00     0.0226      0.267      0.474
   9     0       19.0       0.00     0.0213      0.267      0.495
  10     6       20.0      0.400     0.0202      0.667      0.515
  11     0       21.0       0.00     0.0193      0.667      0.535
  12     0       22.0       0.00     0.0185      0.667      0.553
  13     0       23.0       0.00     0.0179      0.667      0.571
  14     0       24.0       0.00     0.0173      0.667      0.588
  15     0       25.0       0.00     0.0168      0.667      0.605
  16     0       26.0       0.00     0.0163      0.667      0.622
  17     0       27.0       0.00     0.0160      0.667      0.638
  18     0       28.0       0.00     0.0156      0.667      0.653
  19     0       29.0       0.00     0.0153      0.667      0.668
  20     2       30.0      0.133     0.0151      0.800      0.684
  21     0       31.0       0.00     0.0149      0.800      0.698
  22     0       32.0       0.00     0.0147      0.800      0.713
  23     0       33.0       0.00     0.0145      0.800      0.728
  24     0       34.0       0.00     0.0144      0.800      0.742
  25     0       35.0       0.00     0.0143      0.800      0.756
  26     0       36.0       0.00     0.0142      0.800      0.771
  27     0       37.0       0.00     0.0142      0.800      0.785
  28     0       38.0       0.00     0.0142      0.800      0.799
  29     0       39.0       0.00     0.0143      0.800      0.813
  30     1       40.0     0.0667     0.0143      0.867      0.828
  31     0       41.0       0.00     0.0145      0.867      0.842
  32     0       42.0       0.00     0.0147      0.867      0.857
  33     0       43.0       0.00     0.0149      0.867      0.872
  34     0       44.0       0.00     0.0153      0.867      0.887
  35     0       45.0       0.00     0.0158      0.867      0.903
  36     0       46.0       0.00     0.0164      0.867      0.919
  37     0       47.0       0.00     0.0174      0.867      0.936
  38     0       48.0       0.00     0.0189      0.867      0.955
  39     0       49.0       0.00     0.0216      0.867      0.977
  40     2       50.0      0.133     0.0333       1.00       1.01


=================================================================


Data File: C:\Users\Baumbart13\Documents\Schule\GITHUB-ONLINE\Mitschrift\5\AMEC\Simulation\Arena\Verteilungen\ankunft_Test.dst


Function       Sq Error
-----------------------
Beta           0.195
Gamma          0.224
Weibull        0.228
Lognormal      0.234
Exponential    0.236
Erlang         0.236
Uniform        0.247
Normal         0.249
Triangular     0.253
Poisson        0.269
